poisoned 	20 (3-6)
darkness 	22 (3-6)
cursed 		23 (1-2)
on fire 	24 (3-6)
bleeding 	30 (1-2) 
confused 	31 (2-4)
slow 		32 (2-4)
silenced 	35 (1-2)
cursed inferno 	39 (3-6)
frostburn 	44 (3-6)
chilled 	46 (2-4)
frozen 		47 (1-2)
burning 	67 (2-4)
venom 		70 (2-4)
blackout 	72 (2-4)




36% chance of poison
15% chance of on fire
5% chance of 9 semi-good buffs (45%)
1% chance of 4 great buffs (frozen, cursed, bleed, burning)

pvpdebuffs[100]
{
20, 20, 20, 20, 20, 20, 20, 20, 20, 20, 20, 20, 20, 20, 20, 20, 20, 20, 20, 20, 20, 20, 20, 20, 20, 20, 20, 20, 20, 20, 20, 20, 20, 20, 20, 20, 24, 24, 24, 24, 24, 24, 24, 24, 24, 24, 24, 24, 24, 24, 24, 22, 22, 22, 22, 22, 31, 31, 31, 31, 31, 32, 32, 32, 32, 32, 35, 35, 35, 35, 35, 39, 39, 39, 39, 39, 44, 44, 44, 44, 44, 46, 46, 46, 46, 46, 72, 72, 72, 72, 72, 70, 70, 70, 70, 70, 67, 47, 23, 30
}

pvpcritdebuffs[34]
{
22, 22, 22, 22, 22, 31, 31, 31, 31, 31, 32, 32, 32, 32, 32, 35, 35, 35, 35, 35, 46, 46, 46, 46, 46, 72, 72, 72, 72, 72, 67, 47, 23, 30
}

npcdebuffs[20]
{
20, 20, 20, 20, 20, 24, 24, 24, 24, 24, 44, 44, 44, 44, 44, 39, 39, 39, 70, 30
}